




date,LAUST240000000000003,LAUST240000000000004,LAUST240000000000005,LAUST240000000000006
1997-01,5.5,151235.0,2587352.0,2738587.0
1997-02,5.5,150200.0,2584214.0,2734414.0
1997-03,5.2,144387.0,2611071.0,2755458.0
1997-04,4.8,131049.0,2612843.0,2743892.0
1997-05,4.8,132983.0,2628136.0,2761119.0
1997-06,5.2,146792.0,2650413.0,2797205.0
1997-07,5.0,139512.0,2677203.0,2816715.0
1997-08,4.8,134202.0,2650211.0,2784413.0
1997-09,4.9,135868.0,2630374.0,2766242.0
1997-10,4.6,128430.0,2641691.0,2770121.0
1997-11,4.6,127893.0,2643164.0,2771057.0
1997-12,4.6,126406.0,2638246.0,2764652.0
1998-01,5.3,146591.0,2606676.0,2753267.0
1998-02,5.1,141223.0,2603699.0,2744922.0
1998-03,4.9,135262.0,2622033.0,2757295.0
1998-04,4.2,114331.0,2622270.0,2736601.0
1998-05,4.3,119535.0,2634374.0,2753909.0
1998-06,4.7,132088.0,2658158.0,2790246.0
1998-07,4.7,131706.0,2688432.0,2820138.0
1998-08,4.4,121533.0,2662093.0,2783626.0
1998-09,4.0,111310.0,2643777.0,2755087.0
1998-10,4.0,109219.0,2653737.0,2762956.0
1998-11,3.8,105252.0,2654836.0,2760088.0
1998-12,3.5,95586.0,2656435.0,2752021.0
1999-01,4.2,113922.0,2630178.0,2744100.0
1999-02,4.2,116219.0,2626085.0,2742304.0
1999-03,3.8,104983.0,2644933.0,2749916.0
1999-04,3.5,96829.0,2645550.0,2742379.0
1999-05,3.5,95136.0,2659732.0,2754868.0
1999-06,3.8,105393.0,2683407.0,2788800.0
1999-07,3.7,105134.0,2708997.0,2814131.0
1999-08,3.5,96003.0,2681147.0,2777150.0
1999-09,3.3,91033.0,2667929.0,2758962.0
1999-10,3.2,89360.0,2685017.0,2774377.0
1999-11,3.2,88777.0,2687064.0,2775841.0
1999-12,3.0,82547.0,2688055.0,2770602.0
2000-01,3.7,101037.0,2662781.0,2763818.0
2000-02,3.8,105387.0,2660225.0,2765612.0
2000-03,3.5,98161.0,2682713.0,2780874.0
2000-04,3.2,89140.0,2689625.0,2778765.0
2000-05,3.6,100247.0,2693190.0,2793437.0
2000-06,3.9,109263.0,2720294.0,2829557.0
2000-07,3.8,108207.0,2737427.0,2845634.0
2000-08,3.8,106976.0,2707764.0,2814740.0
2000-09,3.5,98891.0,2709469.0,2808360.0
2000-10,3.4,97146.0,2722423.0,2819569.0
2000-11,3.5,97496.0,2723446.0,2820942.0
2000-12,3.3,92860.0,2730047.0,2822907.0
2001-01,3.9,110664.0,2702623.0,2813287.0
2001-02,3.9,108231.0,2699069.0,2807300.0
2001-03,3.7,103634.0,2716597.0,2820231.0
2001-04,3.5,96988.0,2711675.0,2808663.0
2001-05,3.6,100830.0,2719481.0,2820311.0
2001-06,4.0,115288.0,2740579.0,2855867.0
2001-07,4.1,116802.0,2761605.0,2878407.0
2001-08,4.2,120536.0,2728339.0,2848875.0
2001-09,4.2,118274.0,2721608.0,2839882.0
2001-10,4.4,124375.0,2731364.0,2855739.0
2001-11,4.5,127178.0,2728300.0,2855478.0
2001-12,4.3,122811.0,2728966.0,2851777.0
2002-01,5.1,143883.0,2700422.0,2844305.0
2002-02,4.8,137432.0,2710604.0,2848036.0
2002-03,4.6,132241.0,2726855.0,2859096.0
2002-04,4.4,126535.0,2726908.0,2853443.0
2002-05,4.3,123413.0,2739950.0,2863363.0
2002-06,4.7,136312.0,2760218.0,2896530.0
2002-07,4.5,130255.0,2781056.0,2911311.0
2002-08,4.4,125913.0,2762859.0,2888772.0
2002-09,4.0,115807.0,2754326.0,2870133.0
2002-10,4.0,116392.0,2757860.0,2874252.0
2002-11,4.3,122188.0,2746342.0,2868530.0
2002-12,4.2,119065.0,2742607.0,2861672.0
2003-01,4.7,134618.0,2720654.0,2855272.0
2003-02,4.8,136560.0,2715366.0,2851926.0
2003-03,4.6,132489.0,2732818.0,2865307.0
2003-04,4.2,121346.0,2740674.0,2862020.0
2003-05,4.4,125201.0,2749646.0,2874847.0
2003-06,4.9,142452.0,2775660.0,2918112.0
2003-07,4.6,135124.0,2803668.0,2938792.0
2003-08,4.4,126588.0,2778853.0,2905441.0
2003-09,4.2,120656.0,2755568.0,2876224.0
2003-10,4.1,119197.0,2763771.0,2882968.0
2003-11,4.2,121209.0,2761101.0,2882310.0
2003-12,4.1,116915.0,2756498.0,2873413.0
2004-01,4.7,134472.0,2732653.0,2867125.0
2004-02,4.6,130725.0,2727239.0,2857964.0
2004-03,4.4,125868.0,2743433.0,2869301.0
2004-04,3.9,112813.0,2745825.0,2858638.0
2004-05,4.1,117712.0,2755326.0,2873038.0
2004-06,4.6,132821.0,2779899.0,2912720.0
2004-07,4.5,131278.0,2813846.0,2945124.0
2004-08,4.2,123334.0,2789913.0,2913247.0
2004-09,4.0,114316.0,2771113.0,2885429.0
2004-10,4.0,115725.0,2782002.0,2897727.0
2004-11,4.1,118707.0,2780684.0,2899391.0
2004-12,4.0,116414.0,2775769.0,2892183.0
2005-01,4.6,133015.0,2748733.0,2881748.0
2005-02,4.7,135391.0,2746067.0,2881458.0
2005-03,4.4,127013.0,2766475.0,2893488.0
2005-04,4.0,114725.0,2779548.0,2894273.0
2005-05,4.1,120441.0,2793912.0,2914353.0
2005-06,4.5,132321.0,2819883.0,2952204.0
2005-07,4.3,128648.0,2854707.0,2983355.0
2005-08,4.0,119172.0,2834104.0,2953276.0
2005-09,3.9,113755.0,2818520.0,2932275.0
2005-10,3.8,112664.0,2829396.0,2942060.0
2005-11,3.8,112011.0,2825297.0,2937308.0
2005-12,3.5,103554.0,2825203.0,2928757.0
2006-01,3.9,115050.0,2802977.0,2918027.0
2006-02,4.0,116110.0,2803184.0,2919294.0
2006-03,3.7,107120.0,2826362.0,2933482.0
2006-04,3.6,105378.0,2829405.0,2934783.0
2006-05,3.9,115099.0,2840435.0,2955534.0
2006-06,4.3,128930.0,2867665.0,2996595.0
2006-07,4.3,130942.0,2894309.0,3025251.0
2006-08,4.1,122818.0,2870925.0,2993743.0
2006-09,3.8,112615.0,2856278.0,2968893.0
2006-10,3.6,108624.0,2868653.0,2977277.0
2006-11,3.6,108448.0,2866126.0,2974574.0
2006-12,3.5,103013.0,2865928.0,2968941.0
2007-01,4.0,119045.0,2835669.0,2954714.0
2007-02,3.8,112930.0,2827805.0,2940735.0
2007-03,3.4,101162.0,2850105.0,2951267.0
2007-04,3.2,93529.0,2846239.0,2939768.0
2007-05,3.3,97432.0,2857875.0,2955307.0
2007-06,3.7,111637.0,2884104.0,2995741.0
2007-07,3.7,112256.0,2913306.0,3025562.0
2007-08,3.4,102917.0,2884324.0,2987241.0
2007-09,3.3,99045.0,2873151.0,2972196.0
2007-10,3.3,96879.0,2878863.0,2975742.0
2007-11,3.1,93018.0,2882227.0,2975245.0
2007-12,3.1,93096.0,2874510.0,2967606.0
2008-01,3.6,107023.0,2853309.0,2960332.0
2008-02,3.5,104639.0,2846614.0,2951253.0
2008-03,3.4,102308.0,2865336.0,2967644.0
2008-04,3.2,96344.0,2873149.0,2969493.0
2008-05,3.8,113407.0,2877380.0,2990787.0
2008-06,4.3,130677.0,2897094.0,3027771.0
2008-07,4.4,135456.0,2923311.0,3058767.0
2008-08,4.6,138472.0,2891932.0,3030404.0
2008-09,4.5,135775.0,2873731.0,3009506.0
2008-10,4.8,144562.0,2879750.0,3024312.0
2008-11,5.0,152068.0,2867423.0,3019491.0
2008-12,5.4,162857.0,2850816.0,3013673.0
2009-01,6.5,195667.0,2812005.0,3007672.0
2009-02,6.8,205622.0,2800849.0,3006471.0
2009-03,6.8,204278.0,2810302.0,3014580.0
2009-04,6.5,194707.0,2816329.0,3011036.0
2009-05,6.9,208524.0,2819948.0,3028472.0
2009-06,7.3,223227.0,2839281.0,3062508.0
2009-07,7.2,223183.0,2864216.0,3087399.0
2009-08,7.2,218821.0,2833640.0,3052461.0
2009-09,7.1,214697.0,2812550.0,3027247.0
2009-10,7.2,219419.0,2816955.0,3036374.0
2009-11,7.2,219423.0,2815749.0,3035172.0
2009-12,7.3,221887.0,2801113.0,3023000.0
2010-01,8.1,246187.0,2778615.0,3024802.0
2010-02,8.3,250159.0,2770985.0,3021144.0
2010-03,8.1,246268.0,2803209.0,3049477.0
2010-04,7.3,224331.0,2828269.0,3052600.0
2010-05,7.4,227269.0,2839601.0,3066870.0
2010-06,7.7,238281.0,2859273.0,3097554.0
2010-07,7.8,245281.0,2885817.0,3131098.0
2010-08,7.7,240152.0,2866010.0,3106162.0
2010-09,7.4,229886.0,2856162.0,3086048.0
2010-10,7.3,224454.0,2861733.0,3086187.0
2010-11,7.4,229332.0,2857544.0,3086876.0
2010-12,7.2,222407.0,2854690.0,3077097.0
2011-01,7.8,239389.0,2831006.0,3070395.0
2011-02,7.6,234179.0,2831985.0,3066164.0
2011-03,7.3,223698.0,2854225.0,3077923.0
2011-04,6.9,212075.0,2859776.0,3071851.0
2011-05,7.1,219827.0,2867031.0,3086858.0
2011-06,7.6,237604.0,2883068.0,3120672.0
2011-07,7.5,234201.0,2908934.0,3143135.0
2011-08,7.4,231577.0,2885963.0,3117540.0
2011-09,7.2,223830.0,2878583.0,3102413.0
2011-10,7.0,218095.0,2889838.0,3107933.0
2011-11,6.8,209229.0,2889077.0,3098306.0
2011-12,6.8,210020.0,2885520.0,3095540.0
2012-01,7.4,227026.0,2859520.0,3086546.0
2012-02,7.4,227247.0,2863360.0,3090607.0
2012-03,7.0,216884.0,2882697.0,3099581.0
2012-04,6.5,201822.0,2885634.0,3087456.0
2012-05,6.8,212528.0,2896762.0,3109290.0
2012-06,7.3,231056.0,2918017.0,3149073.0
2012-07,7.3,231117.0,2938700.0,3169817.0
2012-08,7.1,222806.0,2912705.0,3135511.0
2012-09,6.7,209115.0,2913839.0,3122954.0
2012-10,6.7,211696.0,2925122.0,3136818.0
2012-11,6.6,207613.0,2917905.0,3125518.0
2012-12,6.7,209174.0,2913418.0,3122592.0
2013-01,7.3,228724.0,2891651.0,3120375.0
2013-02,7.1,220714.0,2890278.0,3110992.0
2013-03,6.8,211169.0,2905954.0,3117123.0
2013-04,6.3,195970.0,2913634.0,3109604.0
2013-05,6.6,205014.0,2923458.0,3128472.0
2013-06,7.0,221143.0,2942532.0,3163675.0
2013-07,6.7,214392.0,2965962.0,3180354.0
2013-08,6.5,204684.0,2936651.0,3141335.0
2013-09,6.2,194298.0,2931603.0,3125901.0
2013-10,6.5,203607.0,2926577.0,3130184.0
2013-11,6.1,190292.0,2930149.0,3120441.0
2013-12,5.8,180246.0,2923530.0,3103776.0
2014-01,6.4,198392.0,2897817.0,3096209.0
2014-02,6.4,197566.0,2897606.0,3095172.0
2014-03,6.1,191188.0,2917780.0,3108968.0
2014-04,5.4,167620.0,2924732.0,3092352.0
2014-05,5.7,178003.0,2935591.0,3113594.0
2014-06,6.0,190436.0,2958943.0,3149379.0
2014-07,6.1,195151.0,2980968.0,3176119.0
2014-08,5.9,186778.0,2952873.0,3139651.0
2014-09,5.5,170954.0,2950923.0,3121877.0
2014-10,5.5,170998.0,2965925.0,3136923.0
2014-11,5.4,169322.0,2960946.0,3130268.0
2014-12,5.2,161423.0,2954641.0,3116064.0
2015-01,5.9,184112.0,2934263.0,3118375.0
2015-02,5.7,175999.0,2935370.0,3111369.0
2015-03,5.4,168517.0,2953273.0,3121790.0
2015-04,4.8,149117.0,2966664.0,3115781.0
2015-05,5.1,160368.0,2980990.0,3141358.0
2015-06,5.3,168412.0,3000258.0,3168670.0
2015-07,5.3,168829.0,3022080.0,3190909.0
2015-08,5.0,158549.0,2993925.0,3152474.0
2015-09,4.7,148205.0,2984855.0,3133060.0
2015-10,4.8,150299.0,2997298.0,3147597.0
2015-11,4.7,146196.0,2995912.0,3142108.0
2015-12,4.4,138333.0,2995193.0,3133526.0
2016-01,4.9,153036.0,2974263.0,3127299.0
2016-02,4.8,150831.0,2978888.0,3129719.0
2016-03,4.6,143930.0,2998985.0,3142915.0
2016-04,4.1,128994.0,3003027.0,3132021.0
2016-05,4.2,130857.0,3011259.0,3142116.0
2016-06,4.7,148318.0,3031359.0,3179677.0
2016-07,4.6,149035.0,3059409.0,3208444.0
2016-08,4.6,144696.0,3031887.0,3176583.0
2016-09,4.3,137351.0,3029659.0,3167010.0
2016-10,4.4,139617.0,3038458.0,3178075.0
2016-11,4.2,133755.0,3038269.0,3172024.0
2016-12,4.1,130625.0,3034337.0,3164962.0
2017-01,4.8,151983.0,3014640.0,3166623.0
2017-02,4.6,146712.0,3020970.0,3167682.0
2017-03,4.3,136239.0,3043415.0,3179654.0
2017-04,3.9,124212.0,3049724.0,3173936.0
2017-05,4.0,127382.0,3053897.0,3181279.0
2017-06,4.5,143419.0,3077136.0,3220555.0
2017-07,4.4,142989.0,3102196.0,3245185.0
2017-08,4.3,139290.0,3068815.0,3208105.0
2017-09,4.0,127646.0,3073218.0,3200864.0
2017-10,4.1,130520.0,3069686.0,3200206.0
2017-11,4.1,131957.0,3063865.0,3195822.0
2017-12,4.0,127417.0,3054514.0,3181931.0
